[gd_scene load_steps=5 format=2]

[ext_resource path="res://castagne/assets/map/stage1v2.glb" type="PackedScene" id=1]
[ext_resource path="res://castagne/assets/map/sky2.jpg" type="Texture" id=2]

[sub_resource type="PanoramaSky" id=1]
panorama = ExtResource( 2 )

[sub_resource type="Environment" id=2]
background_mode = 2
background_sky = SubResource( 1 )
background_sky_custom_fov = 87.4
background_sky_orientation = Basis( -1, 0, -8.74228e-08, 0, 1, 0, 8.74228e-08, 0, -1 )
ambient_light_color = Color( 0.364706, 0.364706, 0.364706, 1 )
ambient_light_energy = 1.42
ambient_light_sky_contribution = 0.2
dof_blur_far_distance = 48.67
dof_blur_near_distance = 0.07
dof_blur_near_transition = 1424.98
glow_intensity = 0.92
glow_bloom = 0.27
glow_high_quality = true
adjustment_contrast = 1.3

[node name="stage1v2" instance=ExtResource( 1 )]
transform = Transform( 6, 0, 0, 0, 6, 0, 0, 0, 6, 0, -0.05, -3 )

[node name="BodenHinten" parent="." index="0"]
transform = Transform( 1, 0, 0, 0, 1, 0, 0, 0, 1, -0.633018, -0.102578, -4.20836 )

[node name="BodenVorne" parent="." index="1"]
transform = Transform( 1, 0, 0, 0, 1, 0, 0, 0, 1, 0, 0.0187825, 0 )

[node name="Walls" parent="." index="2"]
transform = Transform( 1, 0, 0, 0, 1, 0, 0, 0, 1, 0, 0.0187825, -3.23242 )

[node name="SonnenschutzL" parent="." index="3"]
transform = Transform( -0.628281, -0.300266, -0.717707, -0.0497662, 0.936141, -0.348086, 0.776393, -0.182979, -0.603103, -3.51364, 2.12498, -2.50997 )

[node name="SonnenschutzR" parent="." index="4"]
transform = Transform( -0.566479, 0.202082, 0.798914, -0.078465, 0.951836, -0.296399, -0.820332, -0.230591, -0.523339, 4.40023, 1.88938, -2.17112 )

[node name="WallsL" parent="." index="5"]
transform = Transform( 0.733106, 0, 0.680114, 0, 1, 0, -0.680114, 0, 0.733106, -2.92054, 0.656339, -2.24131 )

[node name="WallsR" parent="." index="6"]
transform = Transform( 0.583364, 0, -0.812211, 0, 1, 0, 0.812211, 0, 0.583364, 3.45609, 0.656339, -1.43814 )

[node name="Plane" parent="." index="7"]
transform = Transform( 1, 0, 0, 0, 1, 0, 0, 0, 1, 0, 0.0187825, 0 )

[node name="WorldEnvironment" type="WorldEnvironment" parent="." index="8"]
environment = SubResource( 2 )

[node name="DirectionalLight" type="DirectionalLight" parent="." index="9"]
transform = Transform( 0.166667, 0, 0, 0, 0.0337581, 0.163212, 0, -0.163212, 0.0337581, -0.0381357, 1.52567, 0.226295 )
light_color = Color( 0.513726, 0.513726, 0.513726, 1 )
shadow_enabled = true
